# kpath(in_2pi) band-levels(nkpoints_x_nbands)
         0.000000       -16.155925       -16.155796       -15.098912       -15.098757        -6.555945        -6.555910        -3.032918        -3.032796        -3.025873        -3.025772        -2.563309        -2.563202        -1.944908        -1.944816        -1.698511        -1.698419        -0.810358        -0.810257         2.852829         2.852845         3.143349         3.143383         3.145415         3.145420         3.355873         3.355916         4.631198         4.631205         5.357808         5.357809         6.122247         6.181184
         0.005149       -16.152754       -16.152625       -15.097007       -15.096853        -6.551792        -6.551757        -3.038570        -3.038442        -3.025570        -3.025205        -2.576119        -2.575962        -1.943034        -1.941658        -1.698469        -1.697348        -0.811252        -0.811160         2.850616         2.851017         3.132808         3.132836         3.142002         3.142004         3.344216         3.344244         4.639443         4.639518         5.362380         5.374321         6.138614         6.609817
         0.010298       -16.143256       -16.143130       -15.091301       -15.091148        -6.539457        -6.539423        -3.063279        -3.063041        -3.018041        -3.016952        -2.612382        -2.611979        -1.943441        -1.934387        -1.699742        -1.691415        -0.814774        -0.814709         2.840145         2.842744         3.098090         3.099814         3.133274         3.134498         3.311320         3.312194         4.662859         4.662924         5.375988         5.377401         6.180748         6.609610
         0.015446       -16.127469       -16.127351       -15.081817       -15.081666        -6.519175        -6.519144        -3.105157        -3.104967        -3.005810        -3.002872        -2.666313        -2.666192        -1.955806        -1.929436        -1.701428        -1.676468        -0.821476        -0.821321         2.814719         2.822255         3.037612         3.043019         3.126668         3.129447         3.266191         3.268296         4.698432         4.698485         5.398354         5.398425         6.273457         6.335226
         0.020595       -16.105445       -16.105339       -15.068595       -15.068448        -6.491035        -6.491006        -3.162436        -3.162270        -2.992488        -2.984801        -2.732239        -2.729431        -1.986091        -1.935578        -1.700096        -1.651284        -0.830546        -0.830150         2.770206         2.785389         2.953320         2.963260         3.128774         3.128813         3.220947         3.222962         4.743085         4.743267         5.429134         5.434245         6.338977         6.627399
         0.025744       -16.077283       -16.077188       -15.051691       -15.051552        -6.455333        -6.455303        -3.234835        -3.234120        -2.987795        -2.968423        -2.801200        -2.788292        -2.034708        -1.960265        -1.692532        -1.619119        -0.843498        -0.842771         2.708340         2.731652         2.850242         2.864591         3.107478         3.126855         3.188538         3.210768         4.794506         4.794741         5.468053         5.468348         6.442269         6.581368
         0.030893       -16.043110       -16.043002       -15.031178       -15.031048        -6.412363        -6.412318        -3.320002        -3.318480        -3.012963        -2.975841        -2.847555        -2.817763        -2.100124        -2.006427        -1.679792        -1.585075        -0.860436        -0.859393         2.636195         2.666910         2.736343         2.754930         3.053803         3.083507         3.208397         3.240283         4.851626         4.851844         5.515243         5.518801         6.554091         6.776043
         0.036042       -16.003082       -16.002915       -15.007148       -15.007028        -6.362597        -6.362519        -3.416840        -3.414279        -3.076945        -3.035951        -2.841008        -2.807303        -2.180913        -2.073186        -1.664729        -1.552330        -0.882381        -0.881162         2.560245         2.593914         2.621040         2.639344         2.985602         3.020386         3.254239         3.289439         4.913591         4.914128         5.569025         5.569800         6.669715         6.733748
         0.041190       -15.957355       -15.957086       -14.979709       -14.979597        -6.306531        -6.306399        -3.523603        -3.519889        -3.161271        -3.122017        -2.807087        -2.774042        -2.275974        -2.158805        -1.650430        -1.523295        -0.909641        -0.908582         2.485944         2.490407         2.524089         2.538221         2.909978         2.950019         3.311813         3.349351         4.981244         4.983875         5.631122         5.633918         6.784052         7.257252
         0.046339       -15.906125       -15.905717       -14.948991       -14.948877        -6.244806        -6.244595        -3.638452        -3.633611        -3.253198        -3.215561        -2.763405        -2.729687        -2.384170        -2.261513        -1.638753        -1.499267        -0.942628        -0.942329         2.375620         2.407444         2.422734         2.476249         2.829151         2.874961         3.377150         3.416378         5.053318         5.053914         5.699939         5.701121         6.896226         6.929348
         0.051488       -15.849620       -15.849034       -14.915143       -14.915011        -6.178266        -6.177940        -3.759767        -3.753970        -3.347921        -3.311818        -2.715541        -2.679623        -2.504569        -2.379816        -1.631462        -1.481498        -0.983031        -0.981601         2.265774         2.302855         2.362413         2.424182         2.744602         2.796600         3.447773         3.488058         5.131330         5.131846         5.777478         5.778984         7.005162         7.262233
         0.056637       -15.788096       -15.787288       -14.878333       -14.878165        -6.107762        -6.107270        -3.885230        -3.878792        -3.442878        -3.408653        -2.666194        -2.634711        -2.626063        -2.511550        -1.628984        -1.470162        -1.030343        -1.025884         2.164161         2.203702         2.315692         2.382760         2.659279         2.717822         3.521828         3.562582         5.215067         5.215488         5.859586         5.861217         7.116018         7.151487
         0.061786       -15.721854       -15.720779       -14.838741       -14.838519        -6.034501        -6.033771        -4.012859        -4.006177        -3.537151        -3.505617        -2.776058        -2.656884        -2.614914        -2.569581        -1.631986        -1.465589        -1.084086        -1.074875         2.071871         2.112176         2.281658         2.352247         2.575429         2.640748         3.597803         3.638449         5.304680         5.304983         5.949762         5.951608         7.226606         7.278384
         0.066934       -15.651205       -15.649812       -14.796564       -14.796275        -5.959887        -5.958814        -4.140554        -4.134177        -3.629711        -3.602167        -2.922055        -2.809228        -2.568187        -2.516471        -1.640774        -1.467709        -1.142258        -1.126151         1.989370         2.028171         2.260746         2.332357         2.496164         2.568667         3.674071         3.714081         5.400343         5.400375         6.046538         6.048473         7.326615         7.343826
         0.072083       -15.576508       -15.574742       -14.752025       -14.751656        -5.885896        -5.884326        -4.265782        -4.260311        -3.720824        -3.699327        -3.071680        -2.968850        -2.527378        -2.466832        -1.656278        -1.477200        -1.203290        -1.177760         1.915865         1.950246         2.252417         2.320896         2.424738         2.505705         3.748879         3.787711         5.501827         5.502086         6.149689         6.151601         7.430276         7.438999
         0.077232       -15.498154       -15.495958       -14.705374       -14.704913        -5.814962        -5.812676        -4.385262        -4.381399        -3.810891        -3.798527        -3.220760        -3.131914        -2.496446        -2.424966        -1.678270        -1.493763        -1.263520        -1.225697         1.851221         1.877694         2.255659         2.313370         2.363610         2.457273         3.820840         3.857963         5.609321         5.609974         6.258871         6.260597         7.539615         7.541874
         0.082381       -15.416578       -15.413888       -14.656866       -14.656302        -5.750282        -5.746990        -4.495752        -4.494307        -3.901978        -3.900860        -3.364437        -3.294563        -2.479715        -2.395696        -1.706782        -1.517946        -1.319117        -1.265821         1.795179         1.810252         2.270338         2.303378         2.314786         2.431680         3.889614         3.924545         5.722794         5.723955         6.373582         6.375238         7.650381         7.676513
         0.087530       -15.332249       -15.329000       -14.606793       -14.606116        -5.696105        -5.691474        -4.594003        -4.592135        -4.012918        -3.993067        -3.497193        -3.452008        -2.480444        -2.383695        -1.741149        -1.550287        -1.365550        -1.293701         1.748026         1.748786         2.278967         2.287135         2.295328         2.432756         3.954338         3.986588         5.842239         5.844019         6.493603         6.494914         7.765698         7.767029
         0.092678       -15.245700       -15.241821       -14.555461       -14.554662        -5.657864        -5.651648        -4.675898        -4.669811        -4.134401        -4.091417        -3.614188        -3.598486        -2.501725        -2.394440        -1.780400        -1.591083        -1.399337        -1.306877         1.694473         1.709935         2.254950         2.269596         2.328473         2.453048         4.013549         4.042533         5.967510         5.969986         6.618543         6.619299         7.883043         8.077094
         0.097827       -15.157479       -15.152899       -14.503204       -14.502275        -5.640490        -5.632789        -4.734015        -4.722971        -4.266968        -4.200262        -3.727590        -3.712745        -2.543838        -2.430498        -1.823402        -1.639630        -1.418332        -1.305153         1.650486         1.682923         2.240950         2.256344         2.368876         2.485242         4.067207         4.092325         6.098378         6.101777         6.747222         6.764576         8.038052         8.409091
         0.102976       -15.068158       -15.062801       -14.450362       -14.449296        -5.646818        -5.638337        -4.766013        -4.749305        -4.407519        -4.321883        -3.833947        -3.792342        -2.605618        -2.491766        -1.869703        -1.694758        -1.422433        -1.290361         1.619981         1.669080         2.234536         2.248812         2.414872         2.524698         4.115864         4.136500         6.234542         6.239056         6.880002         6.880392         8.127650         8.442404
         0.108125       -14.978390       -14.972183       -14.397305       -14.396095        -5.675255        -5.667196        -4.776594        -4.751534        -4.549903        -4.455294        -3.917519        -3.855659        -2.684900        -2.575499        -1.920107        -1.755924        -1.414333        -1.266237         1.604401         1.668792         2.232257         2.245538         2.465124         2.568745         4.159442         4.174849         6.375360         6.381301         7.015708         7.018042         8.257090         8.276040
         0.113273       -14.888852       -14.881721       -14.344422       -14.343065        -5.719668        -5.713325        -4.794123        -4.740167        -4.667399        -4.591154        -3.981167        -3.905007        -2.778186        -2.676873        -1.974777        -1.822193        -1.396472        -1.235296         1.605267         1.682656         2.232961         2.246470         2.517216         2.614466         4.197679         4.207060         6.520293         6.527959         7.154049         7.154853         8.374202         8.432160
         0.118422       -14.800252       -14.792125       -14.292105       -14.290597        -5.772555        -5.768960        -4.893619        -4.775745        -4.689388        -4.671266        -4.028695        -3.942360        -2.882553        -2.791635        -2.033911        -1.893129        -1.371198        -1.199461         1.623201         1.710126         2.234397         2.250574         2.569768         2.660199         4.232002         4.234546         6.667824         6.677732         7.295235         7.296125         8.340841         8.511005
         0.123571       -14.713303       -14.704113       -14.240752       -14.239092        -5.827363        -5.827290        -5.031017        -4.905182        -4.663674        -4.650655        -4.062814        -3.968845        -2.995783        -2.916628        -2.097109        -1.968080        -1.339819        -1.159521         1.656718         1.748308         2.236014         2.258730         2.621327         2.704390         4.259110         4.264229         6.815131         6.828310         7.437373         7.445685         8.129197         8.367466
         0.128720       -14.628753       -14.618442       -14.190783       -14.188973        -5.883493        -5.879438        -5.169891        -5.043328        -4.629950        -4.616550        -4.085938        -3.985852        -3.116180        -3.049537        -2.164171        -2.046742        -1.303204        -1.115908         1.702258         1.791475         2.238377         2.273708         2.669773         2.744923         4.281794         4.295321         6.957667         6.974914         7.580445         7.599489         7.989760         8.034758
         0.133869       -14.547356       -14.535874       -14.142610       -14.140652        -5.933831        -5.925127        -5.304057        -5.177490        -4.596503        -4.583021        -4.099738        -3.994348        -3.242141        -3.188416        -2.234303        -2.128347        -1.261678        -1.068478         1.752962         1.830556         2.243140         2.299620         2.713256         2.780033         4.303681         4.326239         7.084056         7.108039         7.726229         7.733941         7.896415         8.298404
         0.139017       -14.469837       -14.457150       -14.096633       -14.094532        -5.975597        -5.961737        -5.430784        -5.304404        -4.566535        -4.553346        -4.105271        -3.994923        -3.372407        -3.331792        -2.306970        -2.212390        -1.215065        -1.016640         1.798588         1.855282         2.258972         2.345465         2.750281         2.808409         4.326193         4.358180         7.171391         7.194265         7.776258         7.826426         7.870956         7.885888
         0.144166       -14.396900       -14.382988       -14.053235       -14.050997        -6.006924        -5.987378        -5.549127        -5.422937        -4.541889        -4.529130        -4.103535        -3.988081        -3.505623        -3.478273        -2.380903        -2.297729        -1.163338        -0.959958         1.825689         1.858300         2.294797         2.414461         2.779283         2.828733         4.350951         4.392436         7.189275         7.205060         7.790075         7.849972         8.014855         8.265488
         0.149315       -14.329188       -14.314052       -14.012779       -14.010413        -6.025829        -5.999998        -5.657479        -5.531442        -4.523326        -4.510837        -4.095199        -3.974112        -3.640197        -3.626298        -2.455109        -2.383475        -1.106087        -0.897647         1.825379         1.839375         2.357942         2.505668         2.801232         2.842207         4.380008         4.430755         7.144023         7.144442         7.847538         7.899994         8.160067         8.661213
         0.154464       -14.267284       -14.250946       -13.975612       -13.973127        -6.031988        -5.999148        -5.755788        -5.629791        -4.511965        -4.499331        -4.081967        -3.954510        -3.774424        -3.774317        -2.528944        -2.469045        -1.045040        -0.831114         1.797928         1.802091         2.443794         2.611559         2.813973         2.846956         4.411545         4.470920         7.056914         7.067174         7.951130         8.008487         8.319714         8.372730
         0.159613       -14.211678       -14.194184       -13.942013       -13.939421        -6.024790        -5.983997        -5.843270        -5.717241        -4.508651        -4.495346        -4.064956        -3.934650        -3.920074        -3.900952        -2.600854        -2.553023        -0.981328        -0.761189         1.750658         1.752109         2.543228         2.725067         2.819091         2.844650         4.445984         4.513100         6.963021         6.983668         7.937275         7.951702         8.441752         8.571078
         0.164761       -14.162751       -14.144170       -13.912232       -13.909545        -6.004620        -5.954334        -5.919226        -5.793421        -4.515281        -4.501183        -4.065382        -4.039669        -4.034723        -3.897384        -2.669624        -2.634267        -0.916657        -0.689445         1.690195         1.693707         2.646702         2.818461         2.829677         2.846683         4.481862         4.555641         6.876726         6.907049         7.831320         7.893428         8.594210         8.754565
         0.169910       -14.120734       -14.101160       -13.886446       -13.883676        -5.992992        -5.961888        -5.912022        -5.855850        -4.535258        -4.522355        -4.188202        -4.148104        -4.021665        -3.865412        -2.733581        -2.711145        -0.852699        -0.617532         1.623533         1.632214         2.741766         2.820404         2.821934         2.954029         4.518796         4.598098         6.805732         6.843075         7.723002         7.787371         8.722225         8.806580
         0.175059       -14.085764       -14.065311       -13.864782       -13.861943        -6.042705        -5.920426        -5.917526        -5.845385        -4.574685        -4.571011        -4.287629        -4.241605        -4.000083        -3.831973        -2.791594        -2.782350        -0.792935        -0.549103         1.554278         1.570188         2.778291         2.806041         2.869194         3.057297         4.554068         4.637736         6.752978         6.796673         7.606054         7.665613         8.844655         8.886003
         0.180208       -14.057803       -14.036607       -13.847284       -13.844387        -6.085690        -5.958642        -5.864848        -5.775354        -4.655208        -4.636626        -4.349159        -4.307828        -3.979529        -3.799124        -2.845438        -2.841608        -0.739382        -0.486578         1.488494         1.512687         2.771046         2.789063         2.948201         3.147886         4.586430         4.673412         6.721866         6.771880         7.488622         7.542154         9.024719         9.209987
         0.185357       -14.036696       -14.014907       -13.833930       -13.830988        -6.118358        -5.990574        -5.803416        -5.694065        -4.762140        -4.713637        -4.381810        -4.349146        -3.961931        -3.769667        -2.898061        -2.882056        -0.694849        -0.433488         1.431351         1.463823         2.758530         2.772821         3.016745         3.221756         4.613973         4.703325         6.713884         6.770825         7.376795         7.422642         9.070414         9.372495
         0.190505       -14.022160       -13.999939       -13.824631       -13.821656        -6.140823        -6.012506        -5.743630        -5.609249        -4.870369        -4.789351        -4.399782        -4.373824        -3.948494        -3.746110        -2.937518        -2.911380        -0.661713        -0.393137         1.386847         1.426483         2.747408         2.759778         3.067511         3.275632         4.635810         4.726759         6.727375         6.792551         7.276480         7.313443         9.216570        10.025054
         0.195654       -14.013804       -13.991323       -13.819226       -13.816231        -6.153720        -6.025054        -5.697459        -5.536253        -4.958139        -4.846023        -4.409948        -4.387879        -3.940304        -3.731095        -2.961948        -2.929106        -0.641610        -0.368242         1.359069         1.403515         2.739059         2.750513         3.098231         3.308013         4.649213         4.741053         6.753508         6.828427         7.198210         7.224836         9.223178         9.773337
         0.200803       -14.011140       -13.988571       -13.817483       -13.814482        -6.157896        -6.029097        -5.679302        -5.504427        -4.994509        -4.867315        -4.413624        -4.392857        -3.937634        -3.726030        -2.970087        -2.934935        -0.634985        -0.359878         1.349466         1.395675         2.735523         2.746733         3.108321         3.318602         4.653495         4.745612         6.769554         6.850626         7.164839         7.185183         9.238840         9.902868
         0.200803       -14.011140       -13.988571       -13.817483       -13.814482        -6.157896        -6.029097        -5.679302        -5.504427        -4.994509        -4.867315        -4.413624        -4.392857        -3.937634        -3.726030        -2.970087        -2.934935        -0.634985        -0.359878         1.349466         1.395675         2.735523         2.746733         3.108321         3.318602         4.653495         4.745612         6.769554         6.850626         7.164845         7.185168         9.408492         9.461299
         0.205952       -14.013606       -13.991124       -13.819124       -13.816129        -6.154028        -6.025394        -5.698603        -5.537737        -4.958262        -4.846627        -4.408489        -4.386242        -3.939940        -3.730654        -2.962522        -2.929520        -0.641168        -0.367771         1.358779         1.403240         2.739612         2.751012         3.098774         3.308637         4.649018         4.740865         6.747159         6.821173         7.203965         7.231479         9.203067        10.077467
         0.211101       -14.020590       -13.998366       -13.823816       -13.820844        -6.143239        -6.015179        -5.751815        -5.618880        -4.874566        -4.795823        -4.387211        -4.360094        -3.945656        -3.742799        -2.941800        -2.914508        -0.658260        -0.389504         1.384710         1.424406         2.751936         2.763864         3.071637         3.280414         4.634767         4.725786         6.688447         6.750849         7.310944         7.350601         9.159986         9.891992
         0.216249       -14.031440       -14.009640       -13.831190       -13.828258        -6.126429        -5.999509        -5.827709        -5.720874        -4.785541        -4.740079        -4.335528        -4.301042        -3.952312        -3.759127        -2.911485        -2.892072        -0.683745        -0.421907         1.424836         1.457358         2.773528         2.786312         3.030292         3.237497         4.610479         4.700101         6.613022         6.666379         7.463717         7.513070         9.109542         9.581715
         0.221398       -14.045509       -14.024290       -13.840858       -13.837982        -6.105518        -5.980296        -5.915831        -5.829648        -4.722067        -4.701391        -4.239036        -4.198895        -3.957440        -3.776944        -2.875248        -2.864545        -0.715581        -0.462150         1.474680         1.498475         2.804461         2.818847         2.977218         3.181909         4.576112         4.663723         6.531965         6.578800         7.646612         7.703936         9.044189         9.459412
         0.226547       -14.062129       -14.041639       -13.852408       -13.849607        -6.082377        -6.007479        -5.960726        -5.936112        -4.690745        -4.684095        -4.103526        -4.057209        -3.953149        -3.792903        -2.836191        -2.834036        -0.750203        -0.505903         1.531272         1.545452         2.841035         2.862188         2.922048         3.119038         4.533506         4.618520         6.450774         6.492595         7.852454         7.916026         9.092566         9.621742
         0.231696       -14.080661       -14.061037       -13.865418       -13.862712        -6.109280        -6.047961        -6.046592        -5.933454        -4.682322        -4.681766        -4.000410        -3.891296        -3.880659        -3.801151        -2.802701        -2.797210        -0.786199        -0.551310         1.591596         1.595754         2.827577         2.913342         2.922724         3.054049         4.483034         4.564842         6.371079         6.409023         8.076370         8.148610         9.128277         9.540442
         0.236845       -14.100480       -14.081849       -13.879464       -13.876872        -6.199313        -6.148539        -6.022039        -5.910018        -4.689626        -4.685097        -3.979169        -3.822410        -3.701707        -3.688760        -2.771157        -2.759489        -0.821673        -0.596215         1.645978         1.651956         2.761042         2.937974         2.986585         3.025524         4.426591         4.504587         6.294255         6.329045         8.320970         8.551919         8.868863         9.476687
         0.241993       -14.120996       -14.103472       -13.894140       -13.891680        -6.287885        -6.245280        -5.993716        -5.887244        -4.701936        -4.695014        -3.965052        -3.821906        -3.498609        -3.490586        -2.740373        -2.724556        -0.854958        -0.638791         1.694687         1.710734         2.688810         2.882022         3.067939         3.089197         4.365525         4.439055         6.221006         6.253180         8.645368         8.680380         8.769229         9.269245
         0.247142       -14.141665       -14.125352       -13.909058       -13.906750        -6.371957        -6.335937        -5.966106        -5.866462        -4.717622        -4.709225        -3.946602        -3.817492        -3.289203        -3.284187        -2.710226        -2.693264        -0.886496        -0.679472         1.739420         1.765234         2.616834         2.810966         3.163069         3.181448         4.301394         4.369755         6.151182         6.181161         8.681060         8.713505         8.827716         8.959602
         0.252291       -14.161978       -14.146968       -13.923845       -13.921705        -6.450401        -6.419892        -5.939926        -5.848158        -4.734886        -4.725664        -3.922077        -3.807065        -3.082995        -3.077017        -2.676852        -2.664289        -0.916081        -0.718096         1.778913         1.813876         2.548635         2.740746         3.270077         3.287682         4.236481         4.298876         6.085197         6.113235         8.612154         8.625306         8.877105         9.115590
         0.257440       -14.181477       -14.167852       -13.938157       -13.936204        -6.522590        -6.496798        -5.916077        -5.833007        -4.752794        -4.743275        -3.891910        -3.791063        -2.898998        -2.880221        -2.630670        -2.625387        -0.945182        -0.756204         1.811189         1.853961         2.486244         2.673928         3.386966         3.404655         4.172340         4.227794         6.022998         6.049239         8.581905         8.616778         8.820829         8.992921
         0.262589       -14.199747       -14.187577       -13.951674       -13.949922        -6.587712        -6.566038        -5.894636        -5.820874        -4.770205        -4.760849        -3.856736        -3.769975        -2.780486        -2.734173        -2.554512        -2.514847        -0.973692        -0.793754         1.836357         1.884692         2.433416         2.613474         3.510603         3.529396         4.112145         4.159231         5.965292         5.989721         8.481808         8.503483         8.743890         9.236731
         0.267737       -14.216421       -14.205769       -13.964115       -13.962579        -6.645458        -6.627431        -5.875871        -5.811809        -4.786960        -4.778142        -3.818539        -3.745607        -2.733363        -2.682979        -2.395196        -2.342774        -1.003901        -0.833154         1.853628         1.904051         2.392039         2.559967         3.635562         3.657463         4.059424         4.095677         5.911954         5.934427         8.358614         8.445621         8.570845         8.869929
         0.272886       -14.231170       -14.222087       -13.975226       -13.973918        -6.695409        -6.680670        -5.859684        -5.805550        -4.802159        -4.794195        -3.778807        -3.719216        -2.715192        -2.670159        -2.211105        -2.153322        -1.037685        -0.876340         1.863812         1.911983         2.364171         2.514527         3.752313         3.782423         4.022351         4.042209         5.863666         5.883901         8.215614         8.312607         8.393748         8.950280
         0.278035       -14.243732       -14.236261       -13.984792       -13.983724        -6.737295        -6.725562        -5.845977        -5.801829        -4.815321        -4.808484        -3.739912        -3.692959        -2.707580        -2.668902        -2.030188        -1.965973        -1.077078        -0.925415         1.867596         1.909545         2.348916         2.476578         3.832444         3.879635         4.019167         4.024994         5.821280         5.838842         8.066638         8.155261         8.269732         8.460374
         0.283184       -14.253881       -14.248058       -13.992636       -13.991815        -6.770878        -6.761945        -5.834505        -5.800304        -4.826399        -4.820882        -3.704490        -3.669312        -2.704607        -2.673074        -1.860885        -1.788966        -1.124892        -0.983230         1.867250         1.900402         2.344254         2.445491         3.848914         3.892760         4.077635         4.089063         5.785603         5.799953         7.970301         8.026285         8.133992         8.793330
         0.288333       -14.261430       -14.257280       -13.998612       -13.998045        -6.795953        -6.789659        -5.824924        -5.800627        -4.834679        -4.830638        -3.674064        -3.649809        -2.703286        -2.679811        -1.706151        -1.625576        -1.183477        -1.052146         1.865152         1.888547         2.347322         2.420130         3.838438         3.868226         4.165262         4.171751         5.757781         5.768591         7.859043         7.897969         7.985276         8.640313
         0.293481       -14.266253       -14.263795       -14.002615       -14.002301        -6.812376        -6.808617        -5.817149        -5.802647        -4.839991        -4.837533        -3.650901        -3.636726        -2.701788        -2.687301        -1.567703        -1.477943        -1.254712        -1.134140         1.863132         1.876901         2.355489         2.399131         3.827602         3.844914         4.235004         4.238266         5.739396         5.746025         7.775312         7.849258         8.124001         8.452229
         0.298630       -14.268258       -14.267498       -14.004593       -14.004483        -6.819948        -6.818669        -5.810857        -5.806069        -4.842273        -4.841448        -3.636521        -3.631888        -2.698598        -2.693680        -1.447242        -1.359298        -1.329183        -1.230956         1.863765         1.868437         2.367558         2.382005         3.824029         3.829757         4.273564         4.274538         5.731007         5.733238         7.698881         7.775511         7.870452         8.623386
         0.303779       -14.268359       -14.267397       -14.004667       -14.004409        -6.819896        -6.818720        -5.810918        -5.806008        -4.842278        -4.841444        -3.636567        -3.631842        -2.698570        -2.693708        -1.447202        -1.359268        -1.329296        -1.230909         1.863998         1.868201         2.367436         2.382128         3.824088         3.829699         4.273517         4.274585         5.731074         5.733261         7.721527         7.764107         8.264171         8.653662
         0.308928       -14.266355       -14.263692       -14.002713       -14.002202        -6.812324        -6.808669        -5.817210        -5.802586        -4.839996        -4.837529        -3.650945        -3.636682        -2.701761        -2.687330        -1.567648        -1.477987        -1.254746        -1.134109         1.863357         1.876666         2.355367         2.399258         3.827663         3.844856         4.234956         4.238312         5.739331         5.746050         7.770740         7.820412         7.970498         8.457741
         0.314077       -14.261532       -14.257178       -13.998713       -13.997944        -6.795900        -6.789711        -5.824983        -5.800568        -4.834684        -4.830635        -3.674104        -3.649768        -2.703261        -2.679841        -1.706084        -1.625632        -1.183493        -1.052128         1.865368         1.888316         2.347199         2.420261         3.838503         3.868167         4.165213         4.171797         5.757765         5.768575         7.865362         7.889774         8.430689         8.969586
         0.319225       -14.253984       -14.247955       -13.992737       -13.991714        -6.770826        -6.761997        -5.834562        -5.800248        -4.826405        -4.820879        -3.704525        -3.669276        -2.704584        -2.673106        -1.860810        -1.789028        -1.124892        -0.983225         1.867455         1.900178         2.344126         2.445627         3.848986         3.892696         4.077585         4.089108         5.785506         5.799971         7.963465         8.001000         8.198318         8.648366
         0.324374       -14.243834       -14.236159       -13.984894       -13.983622        -6.737242        -6.725614        -5.846032        -5.801776        -4.815326        -4.808482        -3.739940        -3.692928        -2.707560        -2.668934        -2.030107        -1.966039        -1.077063        -0.925422         1.867789         1.909333         2.348782         2.476720         3.832522         3.879565         4.019116         4.025039         5.821255         5.838867         8.108755         8.201361         8.295757         8.711921
         0.329523       -14.231273       -14.221985       -13.975328       -13.973817        -6.695355        -6.680722        -5.859736        -5.805500        -4.802165        -4.794194        -3.778828        -3.719192        -2.715177        -2.670190        -2.211020        -2.153389        -1.037655        -0.876360         1.863992         1.911786         2.364027         2.514674         3.752390         3.782355         4.022406         4.042152         5.863651         5.883917         8.221771         8.269557         8.359002         8.644277
         0.334672       -14.216524       -14.205666       -13.964217       -13.962477        -6.645404        -6.627484        -5.875918        -5.811763        -4.786966        -4.778141        -3.818551        -3.745591        -2.733358        -2.683006        -2.395112        -2.342832        -1.003858        -0.833185         1.853795         1.903871         2.391885         2.560117         3.635638         3.657393         4.059487         4.095614         5.911937         5.934448         8.355217         8.396031         8.584638         8.996152
         0.339820       -14.199849       -14.187475       -13.951776       -13.949820        -6.587658        -6.566090        -5.894680        -5.820834        -4.770210        -4.760849        -3.856738        -3.769968        -2.780512        -2.734165        -2.554461        -2.514877        -0.973636        -0.793797         1.836512         1.884527         2.433255         2.613627         3.510681         3.529323         4.112215         4.159163         5.965269         5.989736         8.475327         8.505311         8.593759         9.203389
         0.344969       -14.181580       -14.167749       -13.938260       -13.936102        -6.522535        -6.496851        -5.916116        -5.832972        -4.752798        -4.743275        -3.891902        -3.791066        -2.899069        -2.880157        -2.630674        -2.625375        -0.945113        -0.756258         1.811333         1.853809         2.486078         2.674081         3.387046         3.404579         4.172417         4.227722         6.022985         6.049252         8.549542         8.604999         8.706186         9.448319
         0.350118       -14.162081       -14.146865       -13.923947       -13.921603        -6.450346        -6.419945        -5.939961        -5.848129        -4.734889        -4.725666        -3.922058        -3.807078        -3.083081        -3.076936        -2.676826        -2.664307        -0.916001        -0.718160         1.779048         1.813735         2.548467         2.740897         3.270159         3.287605         4.236563         4.298800         6.085176         6.113252         8.621185         8.657093         8.825080         9.025725
         0.355267       -14.141768       -14.125249       -13.909161       -13.906648        -6.371902        -6.335990        -5.966136        -5.866438        -4.717623        -4.709228        -3.946572        -3.817517        -3.289290        -3.284102        -2.710200        -2.693285        -0.886405        -0.679546         1.739548         1.765101         2.616666         2.811113         3.163153         3.181372         4.301482         4.369674         6.151164         6.181181         8.676788         8.729189         8.949031         9.257433
         0.360416       -14.121099       -14.103369       -13.894243       -13.891578        -6.287829        -6.245333        -5.993743        -5.887226        -4.701935        -4.695019        -3.965011        -3.821941        -3.498695        -3.490502        -2.740350        -2.724576        -0.854858        -0.638874         1.694808         1.710608         2.688645         2.882155         3.068025         3.089128         4.365618         4.438969         6.220978         6.253199         8.601859         8.690256         8.792793         8.939014
         0.365564       -14.100584       -14.081745       -13.879566       -13.876769        -6.199255        -6.148591        -6.022064        -5.910006        -4.689621        -4.685106        -3.979120        -3.822455        -3.701785        -3.688680        -2.771138        -2.759505        -0.821562        -0.596306         1.646092         1.651836         2.760881         2.938025         2.986670         3.025532         4.426689         4.504497         6.294228         6.329060         8.335111         8.520466         8.821259         9.147263
         0.370713       -14.080765       -14.060934       -13.865521       -13.862610        -6.109220        -6.047985        -6.046641        -5.933448        -4.682310        -4.681780        -4.000380        -3.891236        -3.880701        -3.801193        -2.802687        -2.797222        -0.786080        -0.551409         1.591481         1.595862         2.827440         2.913261         2.922789         3.054185         4.483137         4.564748         6.371060         6.409044         8.076750         8.170965         8.924049         9.510342
         0.375862       -14.062233       -14.041535       -13.852510       -13.849505        -6.082382        -6.007436        -5.960710        -5.936175        -4.690770        -4.684072        -4.103577        -4.057147        -3.953089        -3.792970        -2.836196        -2.834027        -0.750077        -0.506009         1.531162         1.545555         2.841075         2.862097         2.921941         3.119181         4.533613         4.618423         6.450738         6.492625         7.853856         7.917704         8.958686         9.473671
         0.381011       -14.045613       -14.024186       -13.840960       -13.837880        -6.105529        -5.980289        -5.915781        -5.829703        -4.722110        -4.701351        -4.239081        -4.198848        -3.957358        -3.777024        -2.875245        -2.864542        -0.715447        -0.462262         1.474574         1.498573         2.804539         2.818754         2.977076         3.182050         4.576222         4.663623         6.531944         6.578817         7.646625         7.703890         9.057235         9.200076
         0.386160       -14.031544       -14.009536       -13.831292       -13.828155        -6.126440        -5.999506        -5.827659        -5.720927        -4.785605        -4.740017        -4.335553        -4.301016        -3.952220        -3.759219        -2.911475        -2.892075        -0.683606        -0.422026         1.424735         1.457451         2.773611         2.786220         3.030148         3.237635         4.610592         4.699999         6.612985         6.666407         7.463636         7.513192         9.099832         9.250987
         0.391308       -14.020694       -13.998261       -13.823918       -13.820742        -6.143250        -6.015177        -5.751765        -5.618930        -4.874647        -4.795743        -4.387221        -4.360085        -3.945558        -3.742900        -2.941782        -2.914516        -0.658115        -0.389627         1.384612         1.424495         2.752020         2.763772         3.071494         3.280549         4.634882         4.725681         6.688420         6.750875         7.310915         7.350630         9.216830         9.478643
         0.396457       -14.013711       -13.991020       -13.819226       -13.816027        -6.154040        -6.025392        -5.698552        -5.537786        -4.958350        -4.846539        -4.408492        -4.386242        -3.939838        -3.730762        -2.962498        -2.929533        -0.641020        -0.367898         1.358685         1.403326         2.739695         2.750921         3.098633         3.308771         4.649135         4.740758         6.747132         6.821198         7.203957         7.231507         9.274665         9.539740
         0.401606       -14.011244       -13.988466       -13.817585       -13.814379        -6.157908        -6.029095        -5.679248        -5.504478        -4.994593        -4.867229        -4.413626        -4.392858        -3.937531        -3.726140        -2.970061        -2.934950        -0.634834        -0.360007         1.349374         1.395759         2.735605         2.746644         3.108181         3.318735         4.653614         4.745503         6.769530         6.850654         7.164871         7.185131         9.255832         9.960804
         0.401606       -14.011244       -13.988466       -13.817585       -13.814379        -6.157908        -6.029095        -5.679248        -5.504478        -4.994593        -4.867229        -4.413626        -4.392858        -3.937531        -3.726140        -2.970061        -2.934950        -0.634834        -0.360007         1.349374         1.395759         2.735605         2.746644         3.108181         3.318735         4.653614         4.745503         6.769528         6.850654         7.164856         7.185164         9.266209         9.706914
         0.406755       -14.013909       -13.991218       -13.819327       -13.816128        -6.153733        -6.025053        -5.697404        -5.536300        -4.958228        -4.845940        -4.409952        -4.387879        -3.940202        -3.731202        -2.961924        -2.929119        -0.641459        -0.368369         1.358975         1.403598         2.739142         2.750423         3.098092         3.308148         4.649330         4.740945         6.753489         6.828453         7.198191         7.224842         9.222712         9.779256
         0.411904       -14.022264       -13.999834       -13.824732       -13.821553        -6.140837        -6.012506        -5.743573        -5.609296        -4.870455        -4.789275        -4.399790        -4.373820        -3.948396        -3.746210        -2.937501        -2.911390        -0.661563        -0.393260         1.386750         1.426566         2.747490         2.759687         3.067373         3.275770         4.635926         4.726652         6.727351         6.792576         7.276467         7.313452         9.179772         9.333596
         0.417052       -14.036800       -14.014802       -13.834031       -13.830885        -6.118373        -5.990574        -5.803359        -5.694113        -4.762219        -4.713571        -4.381825        -4.349134        -3.961839        -3.769756        -2.898054        -2.882061        -0.694701        -0.433606         1.431252         1.463906         2.758611         2.772729         3.016608         3.221898         4.614086         4.703219         6.713862         6.770843         7.376751         7.422728         9.067627         9.531946
         0.422201       -14.057906       -14.036502       -13.847384       -13.844283        -6.085707        -5.958641        -5.864792        -5.775403        -4.655273        -4.636575        -4.349188        -4.307801        -3.979444        -3.799201        -2.845441        -2.841607        -0.739237        -0.486691         1.488392         1.512771         2.771123         2.788970         2.948067         3.148033         4.586540         4.673309         6.721848         6.771897         7.488924         7.541865         8.971170         9.205728
         0.427350       -14.085866       -14.065206       -13.864883       -13.861838        -6.042722        -5.920372        -5.917523        -5.845435        -4.574652        -4.571055        -4.287681        -4.241561        -4.000005        -3.832039        -2.791586        -2.782363        -0.792793        -0.549212         1.554176         1.570272         2.778340         2.805948         2.869088         3.057449         4.554175         4.637634         6.752966         6.796687         7.606096         7.665498         8.861675         8.946299
         0.432499       -14.120836       -14.101054       -13.886546       -13.883572        -5.992990        -5.961857        -5.912057        -5.855862        -4.535236        -4.522383        -4.188274        -4.148048        -4.021596        -3.865467        -2.733567        -2.711168        -0.852562        -0.617636         1.623432         1.632298         2.741657         2.820458         2.821837         2.954184         4.518900         4.597998         6.805936         6.843344         7.735338         7.844026         8.723236         8.777921
         0.437648       -14.162853       -14.144065       -13.912331       -13.909440        -6.004567        -5.954375        -5.919251        -5.793424        -4.515265        -4.501203        -4.065456        -4.039612        -4.034663        -3.897427        -2.669603        -2.634299        -0.916524        -0.689545         1.690098         1.693789         2.646550         2.818552         2.829674         2.846753         4.481962         4.555544         6.876832         6.907165         7.866125         8.066478         8.597703         8.725761
         0.442796       -14.211779       -14.194079       -13.942112       -13.939316        -6.024740        -5.984038        -5.843298        -5.717243        -4.508636        -4.495366        -4.064911        -3.934669        -3.920147        -3.900903        -2.600827        -2.553063        -0.981199        -0.761285         1.750566         1.752189         2.543065         2.725234         2.819188         2.844554         4.446080         4.513005         6.962024         6.984127         7.918613         7.987265         8.519333         8.576290
         0.447945       -14.267384       -14.250841       -13.975711       -13.973022        -6.031942        -5.999188        -5.755817        -5.629792        -4.511948        -4.499352        -4.081929        -3.954536        -3.774473        -3.774280        -2.528910        -2.469092        -1.044915        -0.831206         1.797845         1.802166         2.443621         2.611732         2.814074         2.846858         4.411636         4.470828         7.055101         7.067164         7.917650         7.953328         8.442098         8.646056
         0.453094       -14.329291       -14.313950       -14.012881       -14.010309        -6.025786        -6.000036        -5.657504        -5.531436        -4.523306        -4.510862        -4.095168        -3.974131        -3.640129        -3.626362        -2.455065        -2.383523        -1.105969        -0.897739         1.825307         1.839445         2.357755         2.505841         2.801336         2.842108         4.380093         4.430663         7.144643         7.145234         7.848684         7.927313         8.211900         8.361509
         0.458243       -14.397003       -14.382888       -14.053337       -14.050893        -6.006885        -5.987413        -5.549153        -5.422930        -4.541867        -4.529159        -4.103512        -3.988093        -3.505559        -3.478334        -2.380854        -2.297782        -1.163223        -0.960047         1.825623         1.858364         2.294607         2.414639         2.779391         2.828632         4.351031         4.392347         7.190274         7.204478         7.790159         7.830165         8.015866         8.078401
         0.463392       -14.469939       -14.457050       -14.096735       -14.094428        -5.975561        -5.961768        -5.430811        -5.304395        -4.566509        -4.553378        -4.105254        -3.994927        -3.372348        -3.331850        -2.306916        -2.212449        -1.214952        -1.016727         1.798522         1.855341         2.258788         2.345643         2.750392         2.808307         4.326269         4.358095         7.174443         7.196291         7.808406         7.864847         7.931781         8.134324
         0.468541       -14.547457       -14.535774       -14.142712       -14.140548        -5.933800        -5.925155        -5.304085        -5.177479        -4.596474        -4.583056        -4.099728        -3.994346        -3.242087        -3.188470        -2.234244        -2.128411        -1.261567        -1.068563         1.752891         1.830615         2.242967         2.299791         2.713370         2.779928         4.303754         4.326157         7.084735         7.105823         7.726019         7.829646         7.863550         8.680883
         0.473689       -14.628854       -14.618343       -14.190886       -14.188869        -5.883467        -5.879461        -5.169919        -5.043316        -4.629918        -4.616588        -4.085935        -3.985844        -3.116132        -3.049587        -2.164107        -2.046810        -1.303093        -1.115992         1.702182         1.791536         2.238217         2.273867         2.669890         2.744817         4.281862         4.295243         6.957559         6.974895         7.581867         7.592443         8.002236         8.152659
         0.478838       -14.713403       -14.704015       -14.240854       -14.238987        -5.827382        -5.827269        -5.031045        -4.905170        -4.663640        -4.650694        -4.062819        -3.968831        -2.995741        -2.916674        -2.097042        -1.968152        -1.339707        -1.159605         1.656641         1.748371         2.235867         2.258876         2.621446         2.704283         4.259175         4.264156         6.815309         6.828420         7.437162         7.451281         8.131322         8.391232
         0.483987       -14.800352       -14.792027       -14.292208       -14.290493        -5.772570        -5.768943        -4.893642        -4.775744        -4.689356        -4.671292        -4.028707        -3.942341        -2.882517        -2.791676        -2.033840        -1.893204        -1.371085        -1.199547         1.623125         1.710189         2.234262         2.250706         2.569889         2.660091         4.231934         4.234608         6.667797         6.677802         7.295132         7.295151         8.356366         8.494866
         0.489136       -14.888951       -14.881624       -14.344525       -14.342960        -5.719679        -5.713312        -4.794116        -4.740206        -4.667394        -4.591139        -3.981187        -3.904984        -2.778156        -2.676910        -1.974702        -1.822271        -1.396356        -1.235383         1.605195         1.682717         2.232838         2.246588         2.517338         2.614359         4.197614         4.207118         6.520349         6.528036         7.154166         7.154538         8.378675         8.497114
         0.494285       -14.978488       -14.972087       -14.397408       -14.395991        -5.675264        -5.667187        -4.776564        -4.751576        -4.549921        -4.455272        -3.917547        -3.855632        -2.684878        -2.575532        -1.920029        -1.756005        -1.414213        -1.266327         1.604334         1.668849         2.232146         2.245643         2.465248         2.568639         4.159383         4.174904         6.375326         6.381346         7.015610         7.015954         8.280323         8.588316
         0.499433       -15.068255       -15.062705       -14.450465       -14.449191        -5.646825        -5.638330        -4.765981        -4.749344        -4.407538        -4.321859        -3.833983        -3.792314        -2.605603        -2.491792        -1.869622        -1.694841        -1.422311        -1.290454         1.619921         1.669131         2.234435         2.248901         2.414995         2.524594         4.115811         4.136552         6.234485         6.239018         6.880070         6.880495         8.146989         8.413335
         0.504582       -15.157576       -15.152803       -14.503308       -14.502170        -5.640498        -5.632782        -4.733988        -4.723005        -4.266984        -4.200237        -3.727633        -3.712715        -2.543831        -2.430515        -1.823321        -1.639714        -1.418209        -1.305248         1.650434         1.682967         2.240861         2.256415         2.368999         2.485144         4.067159         4.092372         6.098302         6.101760         6.747296         6.747741         8.004061         8.037764
         0.509731       -15.245796       -15.241726       -14.555565       -14.554558        -5.657875        -5.651639        -4.675878        -4.669836        -4.134411        -4.091395        -3.614159        -3.598533        -2.501728        -2.394446        -1.780318        -1.591169        -1.399214        -1.306972         1.694427         1.709972         2.254873         2.269644         2.328594         2.452961         4.013508         4.042577         5.967499         5.970009         6.619119         6.625382         7.882021         8.244311
         0.514880       -15.332345       -15.328905       -14.606896       -14.606011        -5.696119        -5.691462        -4.593991        -4.592151        -4.012921        -3.993048        -3.497167        -3.452058        -2.480457        -2.383687        -1.741068        -1.550373        -1.365430        -1.293794         1.748058         1.748747         2.278902         2.287149         2.295447         2.432692         3.954302         3.986627         5.842314         5.843988         6.493677         6.494875         7.770102         7.946869
         0.520029       -15.416672       -15.413794       -14.656969       -14.656198        -5.750298        -5.746976        -4.495760        -4.494304        -3.901975        -3.900845        -3.364412        -3.294616        -2.479739        -2.395672        -1.706702        -1.518032        -1.319003        -1.265911         1.795206         1.810218         2.270454         2.303344         2.314734         2.431653         3.889584         3.924581         5.722802         5.723955         6.373591         6.375225         7.652076         7.672173
         0.525177       -15.498248       -15.495864       -14.705477       -14.704809        -5.814980        -5.812660        -4.385261        -4.381405        -3.810879        -3.798518        -3.220735        -3.131971        -2.496481        -2.424928        -1.678190        -1.493847        -1.263411        -1.225783         1.851243         1.877666         2.255770         2.313295         2.363571         2.457277         3.820816         3.857995         5.609322         5.609965         6.258815         6.260652         7.539238         7.540150
         0.530326       -15.576601       -15.574649       -14.752127       -14.751553        -5.885915        -5.884308        -4.265773        -4.260326        -3.720814        -3.699314        -3.071654        -2.968911        -2.527424        -2.466782        -1.656199        -1.477281        -1.203187        -1.177843         1.915883         1.950222         2.252522         2.320804         2.424712         2.505717         3.748861         3.787739         5.501927         5.502002         6.150777         6.152054         7.435345         7.656891
         0.535475       -15.651298       -15.649720       -14.796665       -14.796174        -5.959908        -5.958795        -4.140536        -4.134200        -3.629703        -3.602152        -2.922026        -2.809295        -2.568242        -2.516411        -1.640698        -1.467784        -1.142159        -1.126232         1.989384         2.028151         2.260843         2.332262         2.496150         2.568675         3.674059         3.714105         5.400365         5.400375         6.046731         6.049157         7.323340         7.452371
         0.540624       -15.721946       -15.720687       -14.838839       -14.838420        -6.034523        -6.033751        -4.012834        -4.006208        -3.537144        -3.505602        -2.776026        -2.656958        -2.614977        -2.569512        -1.631912        -1.465656        -1.083991        -1.074954         2.071881         2.112161         2.281747         2.352156         2.575425         2.640749         3.597797         3.638469         5.304674         5.304980         5.949717         5.951537         7.218302         7.233055
         0.545773       -15.788188       -15.787197       -14.878427       -14.878070        -6.107784        -6.107250        -3.885197        -3.878831        -3.442870        -3.408638        -2.666260        -2.634678        -2.625989        -2.511629        -1.628915        -1.470220        -1.030252        -1.025961         2.164166         2.203693         2.315770         2.382675         2.659286         2.717814         3.521827         3.562598         5.215347         5.215838         5.860862         5.861013         7.112175         7.278471
         0.550921       -15.849711       -15.848943       -14.915229       -14.914924        -6.178288        -6.177919        -3.759727        -3.754016        -3.347912        -3.311806        -2.715616        -2.679543        -2.504527        -2.379903        -1.631399        -1.481545        -0.982942        -0.981678         2.265774         2.302852         2.362479         2.424106         2.744617         2.796583         3.447778         3.488070         5.131288         5.131893         5.776182         5.777721         7.005182         7.067991
         0.556070       -15.906214       -15.905628       -14.949065       -14.948803        -6.244828        -6.244574        -3.638405        -3.633665        -3.253185        -3.215554        -2.763484        -2.729602        -2.384123        -2.261607        -1.638699        -1.499301        -0.942703        -0.942244         2.375614         2.407460         2.422777         2.476184         2.829173         2.874937         3.377160         3.416387         5.053418         5.053826         5.699941         5.701169         6.920940         7.014191
         0.561219       -15.957442       -15.956999       -14.979767       -14.979539        -6.306553        -6.306378        -3.523550        -3.519950        -3.161252        -3.122017        -2.807167        -2.773955        -2.275922        -2.158905        -1.650386        -1.523315        -0.909717        -0.908497         2.485987         2.490391         2.524096         2.538172         2.910004         2.949989         3.311826         3.349356         4.980793         4.981397         5.630790         5.631818         6.784717         6.788162
         0.566368       -16.003165       -16.002832       -15.007189       -15.006986        -6.362618        -6.362498        -3.416780        -3.414346        -3.076915        -3.035966        -2.841085        -2.807218        -2.180857        -2.073289        -1.664699        -1.552334        -0.882457        -0.881079         2.560277         2.593873         2.621020         2.639360         2.985633         3.020351         3.254257         3.289440         4.913595         4.914123         5.569051         5.569820         6.669410         6.754226
         0.571517       -16.043183       -16.042930       -15.031205       -15.031021        -6.412383        -6.412299        -3.319936        -3.318554        -3.012912        -2.975889        -2.847610        -2.817690        -2.100063        -2.006531        -1.679780        -1.585062        -0.860512        -0.859311         2.636216         2.666874         2.736322         2.754953         3.053836         3.083469         3.208418         3.240283         4.851607         4.851854         5.514877         5.516131         6.554218         7.139377
         0.576665       -16.077334       -16.077137       -15.051707       -15.051536        -6.455348        -6.455288        -3.234762        -3.234200        -2.987717        -2.968503        -2.801235        -2.788235        -2.034644        -1.960364        -1.692544        -1.619088        -0.843573        -0.842691         2.708353         2.731626         2.850216         2.864619         3.107504         3.126835         3.188541         3.210771         4.794504         4.794753         5.468134         5.468263         6.447068         6.562632
         0.581814       -16.105473       -16.105311       -15.068603       -15.068440        -6.491044        -6.490997        -3.162388        -3.162325        -2.992396        -2.984890        -2.732279        -2.729377        -1.986022        -1.935669        -1.700135        -1.651233        -0.830621        -0.830071         2.770209         2.785373         2.953287         2.963295         3.128782         3.128820         3.220916         3.222989         4.743050         4.743240         5.429213         5.429249         6.338640         6.444711
         0.586963       -16.127481       -16.127338       -15.081821       -15.081663        -6.519179        -6.519140        -3.105231        -3.104900        -3.005714        -3.002963        -2.666266        -2.666231        -1.955732        -1.929522        -1.701491        -1.676401        -0.821548        -0.821246         2.814718         2.822249         3.037573         3.043058         3.126684         3.129439         3.266227         3.268257         4.698402         4.698483         5.398356         5.398411         6.249859         6.260477
         0.592112       -16.143259       -16.143126       -15.091302       -15.091147        -6.539458        -6.539422        -3.063360        -3.062968        -3.017945        -3.017043        -2.612313        -2.612044        -1.943360        -1.934473        -1.699822        -1.691336        -0.814822        -0.814660         2.840146         2.842741         3.098103         3.099808         3.133289         3.134482         3.311509         3.312002         4.662843         4.662878         5.375999         5.376238         6.180893         6.487592
         0.597261       -16.152755       -16.152625       -15.097007       -15.096852        -6.551792        -6.551757        -3.038637        -3.038381        -3.025489        -3.025281        -2.576070        -2.576008        -1.942945        -1.941748        -1.698557        -1.697261        -0.811260        -0.811151         2.850570         2.851062         3.132763         3.132876         3.141884         3.142123         3.344202         3.344259         4.639439         4.639625         5.362378         5.363464         6.139689         6.680340
         0.602409       -16.155925       -16.155796       -15.098912       -15.098757        -6.555945        -6.555910        -3.032918        -3.032796        -3.025873        -3.025772        -2.563309        -2.563202        -1.944908        -1.944816        -1.698511        -1.698419        -0.810358        -0.810257         2.852830         2.852846         3.143374         3.143379         3.145398         3.145417         3.355879         3.355911         4.631198         4.631236         5.357849         5.358203         6.123221         6.452649
