# iband jband     E_i     E_j      ΔE        Tx       Ty       Tz
    213   217  -0.644   0.850   1.493     0.015    0.014    0.000
    213   218  -0.644   0.850   1.493     0.001    0.001    0.003
    213   219  -0.644   0.871   1.514     8.578    8.554    0.000
    213   220  -0.644   0.871   1.514     0.000    0.000    0.000
    214   217  -0.644   0.850   1.493     0.001    0.001    0.003
    214   218  -0.644   0.850   1.493     0.015    0.014    0.000
    214   219  -0.644   0.871   1.514     0.000    0.000    0.000
    214   220  -0.644   0.871   1.514     8.578    8.554    0.000
    215   217  -0.459   0.850   1.309     9.943    9.912    0.000
    215   218  -0.459   0.850   1.309     0.000    0.000    0.000
    215   219  -0.459   0.871   1.330     0.016    0.016    0.000
    215   220  -0.459   0.871   1.330     0.002    0.002    0.272
    216   217  -0.459   0.850   1.309     0.000    0.000    0.000
    216   218  -0.459   0.850   1.309     9.943    9.912    0.000
    216   219  -0.459   0.871   1.330     0.001    0.001    0.272
    216   220  -0.459   0.871   1.330     0.016    0.016    0.000
